1947402
1899225
3188346
1989666
1921893
1916630
1984281
1897522
1066342
1851925
1868666
1983610
1823474
1669787
1923580
1914323
1813640
1903474
1801390
1983057
1943794
1860873
1983060
1925587
1983613
1988768
1953052
1987833
1902444
1897275
1901867
1915786
1059391
1809437
1828996
1991642
1918737
1992287
1895247
1907116
1761942
1774160
1987856
1774364
1822446
1983069
1889991
1825565
3192385
1923348
1980973
1961590
1888434
1871005
1078754
1983083
1934359
1926397
1222423
1888122
1923733
1749756
1976953
1902999
1822872
3191299
1986119
1608942
1983157
1963286
1983093
1983089
1237649
1903493
1989620
1863615
1002821
1940801
1983788
1980273
1921723
1983032
1926036
1983110
1964213
3204028
1696632
3198989
1908229
